bp 0 3 2.25547461150634
bp 3 6 1.4120922398441
bp 6 22 2.32348996915861
bp 22 28 1.33295614616259
bp 28 31 1.46229508938019
bp 31 34 1.48848171945721
bp 34 38 1.57471151650008
bp 38 57 2.52493121636609
bp 57 61 1.85384860576851
bp 61 63 1.6576294644309
bp 63 77 1.64001118967277
bp 77 83 1.70194822599966
cc 0 24 2.17371466438101
cc 24 127 1.39184268077747
cc 127 141 1.73508501339773
cc 141 145 1.55430963633187
cc 145 216 1.61562036942095
cc 216 226 1.38615513425146
mf 0 11 2.65581888720075
mf 11 14 2.00340090675096
mf 14 18 1.54971454399651
mf 18 21 1.4120922398441
