bp 0 19 2.15976229086581
bp 19 32 2.07151501431507
bp 32 49 1.91006476371807
bp 49 67 1.63561940626713
bp 67 71 1.7334457624598
bp 71 91 1.87053601833491
bp 91 116 2.34254424032797
bp 116 156 1.70131812764186
bp 156 177 2.38857381815016
cc 0 154 1.80401735088426
cc 154 232 1.37169237922236
cc 232 253 2.38857381815016
cc 253 476 2.71721314562796
cc 476 554 2.78759942703664
cc 554 918 1.59714695507487
cc 918 918 1.31154827712217
mf 0 6 1.6498126989452
mf 6 18 1.45107230041754
mf 18 20 1.30942051327924
mf 20 43 2.94321213219101
mf 43 508 3.06800852157227
mf 508 540 1.64764234346124
mf 540 576 1.57544037348355
mf 576 690 1.32680969576403
mf 690 697 1.3867516197119
