bp 0 21 1.9653701089951
bp 21 40 1.53368936823054
bp 40 51 5.13038900824265
bp 51 62 2.06198402605927
cc 0 119 5.8582398219416
cc 119 155 1.51325520798798
cc 155 280 2.442015707317
cc 280 357 3.94625291933487
cc 357 375 2.35417755398775
cc 375 532 5.6153318037808
cc 532 763 2.37706927886515
cc 763 807 1.46174390413405
mf 0 24 2.39067479366849
mf 24 29 2.42841322144621
mf 29 32 1.4135263016695
mf 32 35 1.4135263016695
mf 35 40 1.35856212586239
mf 40 47 4.57208748045685
mf 47 331 2.77108209712209
mf 331 334 1.92872565102237
mf 334 355 1.71533572951735
mf 355 360 1.68089403373662
mf 360 367 1.5148339365296
mf 367 394 1.56983069970912
mf 394 435 1.46419589736621
